function fn = outputfiles
%ÎŞÓÃ
fn = [];

   fn(1,:)='d1.512  ';
   fn(2,:)='d2.512  ';
   fn(3,:)='d3.512  ';
   fn(4,:)='d4.512  ';
   fn(5,:)='d5.512  ';
   fn(6,:)='d6.512  ';
   fn(7,:)='d7.512  ';
   fn(8,:)='d8.512  ';
   fn(9,:)='d9.512  ';
  fn(10,:)='d10.512 ';
  fn(11,:)='d11.512 ';
  fn(12,:)='d12.512 ';
  fn(13,:)='d13.512 ';
  fn(14,:)='d14.512 ';
  fn(15,:)='d15.512 ';
  fn(16,:)='d16.512 ';
  fn(17,:)='d17.512 ';
  fn(18,:)='d18.512 ';
  fn(19,:)='d19.512 ';
  fn(20,:)='d20.512 ';
  fn(21,:)='d21.512 ';
  fn(22,:)='d22.512 ';
  fn(23,:)='d23.512 ';
  fn(24,:)='d24.512 ';
  fn(25,:)='d25.512 ';
  fn(26,:)='d26.512 ';
  fn(27,:)='d27.512 ';
  fn(28,:)='d28.512 ';
  fn(29,:)='d29.512 ';
  fn(30,:)='d30.512 ';
  fn(31,:)='d31.512 ';
  fn(32,:)='d32.512 ';
  fn(33,:)='d33.512 ';
  fn(34,:)='d34.512 ';
  fn(35,:)='d35.512 ';
  fn(36,:)='d36.512 ';
  fn(37,:)='d37.512 ';
  fn(38,:)='d38.512 ';
  fn(39,:)='d39.512 ';
  fn(40,:)='d40.512 ';
  fn(41,:)='d41.512 ';
  fn(42,:)='d42.512 ';
  fn(43,:)='d43.512 ';
  fn(44,:)='d44.512 ';
  fn(45,:)='d45.512 ';
  fn(46,:)='d46.512 ';
  fn(47,:)='d47.512 ';
  fn(48,:)='d48.512 ';
  fn(49,:)='d49.512 ';
  fn(50,:)='d50.512 ';
  fn(51,:)='d51.512 ';
  fn(52,:)='d52.512 ';
  fn(53,:)='d53.512 ';
  fn(54,:)='d54.512 ';
  fn(55,:)='d55.512 ';
  fn(56,:)='d56.512 ';
  fn(57,:)='d57.512 ';
  fn(58,:)='d58.512 ';
  fn(59,:)='d59.512 ';
  fn(60,:)='d60.512 ';
  fn(61,:)='d61.512 ';
  fn(62,:)='d62.512 ';
  fn(63,:)='d63.512 ';
  fn(64,:)='d64.512 ';
  fn(65,:)='d65.512 ';
  fn(66,:)='d66.512 ';
  fn(67,:)='d67.512 ';
  fn(68,:)='d68.512 ';
  fn(69,:)='d69.512 ';
  fn(70,:)='d70.512 ';
  fn(71,:)='d71.512 ';
  fn(72,:)='d72.512 ';
  fn(73,:)='d73.512 ';
  fn(74,:)='d74.512 ';
  fn(75,:)='d75.512 ';
  fn(76,:)='d76.512 ';
  fn(77,:)='d77.512 ';
  fn(78,:)='d78.512 ';
  fn(79,:)='d79.512 ';
  fn(80,:)='d80.512 ';
  fn(81,:)='d81.512 ';
  fn(82,:)='d82.512 ';
  fn(83,:)='d83.512 ';
  fn(84,:)='d84.512 ';
  fn(85,:)='d85.512 ';
  fn(86,:)='d86.512 ';
  fn(87,:)='d87.512 ';
  fn(88,:)='d88.512 ';
  fn(89,:)='d89.512 ';
  fn(90,:)='d90.512 ';
  fn(91,:)='d91.512 ';
  fn(92,:)='d92.512 ';
  fn(93,:)='d93.512 ';
  fn(94,:)='d94.512 ';
  fn(95,:)='d95.512 ';
  fn(96,:)='d96.512 ';
  fn(97,:)='d97.512 ';
  fn(98,:)='d98.512 ';
  fn(99,:)='d99.512 ';
 fn(100,:)='d100.512';
 fn(101,:)='d101.512';
 fn(102,:)='d102.512';
 fn(103,:)='d103.512';
 fn(104,:)='d104.512';
 fn(105,:)='d105.512';
 fn(106,:)='d106.512';
 fn(107,:)='d107.512';
 fn(108,:)='d108.512';
 fn(109,:)='d109.512';
 fn(110,:)='d110.512';
 fn(111,:)='d111.512';
 fn(112,:)='d112.512';
 fn(113,:)='d113.512';
 fn(114,:)='d114.512';
 fn(115,:)='d115.512';
 fn(116,:)='d116.512';





